has_image: false
index: 1
latitude: 29.4241316651606
longitude: -98.5056692501569
