has_image: true
index: 0
latitude: 29.4248414200714
longitude: -98.5058661929253
