has_image: true
index: 0
latitude: 29.5811218942865
longitude: -98.6101335927172
