has_image: true
index: 0
latitude: 29.4241299390289
longitude: -98.5059869315217
