has_image: true
index: 0
latitude: 29.5810548893821
longitude: -98.6101718766878
